16165
53199
34028
9695
13774
47356
28832
53847
30792
38935
47414
56555
13054
25436
14699
12543
17901
18103
64401
39848
24868
27624
45511
32655
57577
52008
3341
30181
3115
24168
4946
56426
31219
56916
5863
38961
42611
30595
13778
1071
46031
19619
48486
63642
5779
51069
39147
38587
30624
39765
10363
29245
28198
24306
51950
22428
14711
162
51627
15727
17725
16922
41716
30152
51255
25152
19990
27770
3905
8054
40874
49361
12650
4687
31385
21294
49017
52970
49028
37851
5790
20188
42846
34259
64627
28317
21031
10518
3946
7269
12128
27189
62202
35637
38490
64125
22575
61464
28587
11217
37493
8499
29375
53021
6960
49855
57707
16989
40380
28051
15136
5670
5795
37244
28935
41015
33990
29686
16162
15237
16322
1511
29663
3191
27851
55527
53915
46032
18450
64278
34157
8874
9649
12056
39651
38843
38746
55721
9173
61555
3287
7833
12250
51564
25091
20721
6966
12180
1710
56691
35455
51273
225
51117
44604
43307
51610
18712
20049
35391
38034
64275
61884
25879
44566
37015
46545
60285
19454
42767
120
59089
6423
51100
52712
34851
23207
48883
33583
57140
24358
60039
46845
7549
51391
45568
34995
26880
44970
54325
54788
58021
52300
29569
53408
7179
12638
26185
15059
41661
18377
33386
31458
371
63982
44302
1152
50449
24580
63655
34112
47428
62509
6195
14239
55766
55338
48791
40827
61535
6515
64008
19864
46169
2121
23383
42448
39837
39927
24318
49009
38341
53174
32478
32992
19313
49487
63365
61898
28135
55827
20244
16715
20885
13670
16026
13017
49545
60155
46417
3206
24688
36732
16265
61103
22607
43383
26118
55229
49736
39963
24013
55574
28205
37323
8304
64705
17536
49163
18958
36803
50918
18771
45201
27730
31069
29097
57231
8890
44074
36181
37346
41042
276
22323
64940
1053
37181
23327
44395
30619
8493
4587
37164
7102
53566
48341
37425
54433
3956
7976
59771
7721
49025
56250
45883
12033
64506
33191
9772
53778
2961
38362
43656
18350
5106
5836
314
41544
19644
55907
15550
54895
27993
38028
31484
46491
25428
32028
56696
22199
2497
11833
62653
51561
16382
1716
49255
4404
58549
51069
5983
13988
35767
17641
6076
7818
20592
28180
31644
56473
40297
697
64650
26386
47616
35897
27039
10183
9282
24098
41483
37531
19458
59070
11819
3715
61467
42524
57613
29318
52608
846
29570
43080
19357
35029
56546
44987
35001
1105
50353
63460
28167
40800
32663
27970
64454
24934
57864
39909
42160
4443
53082
8083
37748
9337
54752
23543
63146
8245
43845
4058
46783
31971
51431
62744
12077
59168
20991
57800
63423
35608
28062
6608
28068
33246
12516
63912
21755
16596
31438
22225
38016
6632
57003
53209
5244
4809
5379
28591
12857
3751
53424
5601
59395
573
14188
53916
51738
35512
20070
4274
47164
13866
9380
62789
46261
23928
25235
45794
43747
62639
43068
51272
10798
56654
3660
53482
46635
20229
31262
61930
27314
60531
52717
16554
22992
15160
25871
11250
25539
63275
38000
54466
58548
10314
59883
62417
41792
59309
48605
60303
1011
21157
63846
46994
58166
39221
7626
47308
14010
16343
1648
52515
64506
18677
15118
34854
10333
53787
9087
52470
37910
57575
65064
63055
57465
21789
5467
23576
30709
48562
37895
34136
12054
48896
17977
3373
7535
48670
2846
90
47377
8595
19516
49917
31128
65495
15620
55735
36696
61754
18091
60017
63856
43632
60161
3722
18858
22527
44394
62775
8280
36582
36941
8442
13291
17602
20109
47478
2422
12062
20705
27276
15175
18323
7712
48686
52053
62990
38934
24248
61094
38285
11354
1854
34689
1690
28295
21831
5174
49117
36590
42805
49631
3156
19165
6991
3086
49856
19002
14418
30214
59035
9597
55493
30245
4752
20321
24933
17116
56279
58194
53253
22566
13896
29877
46712
61228
16328
49169
7112
19936
20500
58867
39015
31764
7462
15552
55129
9556
44471
59940
12762
62564
32767
15202
3096
42408
7165
1346
21305
10847
29609
23804
22154
9844
16763
27619
47777
40813
42016
27505
29829
2877
46660
30598
18400
58295
55329
38100
54606
11534
59243
19026
47108
54713
9850
33331
54167
47743
5729
6482
50961
19509
56888
57349
30918
7337
60836
42128
461
57141
38598
49833
34810
64955
13617
15503
9427
46819
49700
28087
5789
42060
10941
21759
41295
33143
26806
26877
10136
29845
58033
3267
49932
62338
27495
31352
38238
36637
57423
17289
65230
32848
50714
4253
5740
12959
50326
52635
8967
18987
53657
58558
20222
48418
36043
5804
32871
42173
29077
8549
45571
59019
23209
3255
41710
58837
28746
9455
27293
5419
10670
31815
57179
43846
1773
3266
42679
31496
9733
8118
52279
11968
46840
37350
25206
226
37633
33583
47320
47799
9704
25566
17305
57919
20517
34707
22535
54728
41497
6917
11014
17395
5426
48772
7994
17471
21696
4050
57877
64755
28351
4662
20100
37266
59962
57539
45158
16231
24125
11211
12465
28158
42795
13526
46658
52811
16767
54101
58913
52904
30253
21702
40666
61976
20265
5325
63596
26850
30457
35197
40172
27962
34444
19858
2011
54128
64854
51830
43922
18257
27360
26172
7983
21246
47935
10989
48209
25739
17125
25825
40295
6417
1787
41251
53923
33928
57169
13332
12377
34614
52000
14111
3218
29335
7062
62256
3677
55854
46012
28830
16173
59208
26094
25803
30826
31574
39202
46628
7380
55705
40119
6229
37198
6293
65036
57699
53949
50232
30842
48191
49650
36233
46105
39787
43549
45480
35654
40507
13776
39619
24270
6470
32992
47170
38696
48996
30204
25145
39594
59406
56540
60757
40666
2651
52354
41561
761
58775
62435
48363
40216
10687
58597
45903
11869
14114
16939
495
16411
13682
4610
23660
65369
3037
12247
12479
24607
60832
48303
45524
21314
15624
54723
25700
10523
33405
49616
19645
12129
27143
10423
9457
6373
63519
61888
23297
2355
710
45480
19411
1153
3579
30261
13521
44047
53029
32972
33039
20569
12767
40735
25001
35742
58979
14462
27313
26755
28274
31245
14327
2024
46505
58440
52714
20341
30102
41756
36103
17645
43334
53151
36772
51893
57142
61838
15651
48388
18469
46859
47251
20064
30037
64879
44536
41595
5530
32222
24306
18866
61045
65282
53178
31280
22931
2469
40584
57299
51098
13259
35729
5665
950
1022
38302
27026
1932
51317
63
15397
14875
2692
46078
21988
38175
16872
26654
